Cargo.lock
  s_6b29191ad3f2e1::t_5c699e527c2341 222,951,1601,1667,2003,2057,2089,2137,2273,2294,2303,2310,2333,2369,2382,2394,2419,2438,2500,2517,2552,2570,2581,2597,2609,2680,2691,2695,2706,2735,2744,2774,2799,2827,2835,2854,2868,2898,2910,2928,2938,2961,4419,4492,5215,5356,5408,5505,6814,7944,7956,8308,8337,8428,8528,8553,9396,9925,9987,10321,10715,10870,11213,11630,11682,11749,13364,13506,13866,13920,14199,14249,14441,14577,14857,14905,14984
Cargo.toml
  s_6b29191ad3f2e1::t_e46fd14bd54028 79
---
{
  "schema_version": "authorship/3.0.0",
  "git_ai_version": "1.7.4",
  "base_commit_sha": "6605eb756ec9730183d674ee96fc03c933c2ca77",
  "prompts": {},
  "sessions": {
    "s_6b29191ad3f2e1": {
      "agent_id": {
        "tool": "codex",
        "id": "01a0ead4-e04b-7b23-a64d-1cba33a8b086",
        "model": "unknown"
      },
      "human_author": "WenyXu <wenymedia@gmail.com>"
    }
  }
}