Cargo.lock
  s_6b29191ad3f2e1::t_5c699e527c2341 233,962,1621,1687,2043,2098,2130,2178,2314,2335,2344,2351,2374,2411,2424,2436,2461,2480,2542,2559,2594,2612,2623,2639,2651,2722,2733,2737,2748,2777,2786,2816,2841,2869,2877,2896,2910,2940,2952,2970,2980,3003,4476,4549,5281,5422,5474,5571,6949,8100,8112,8464,8493,8584,8684,8709,9552,10097,10159,10493,10887,11042,11385,11802,11854,11921,13536,13678,14038,14092,14371,14421,14613,14749,15029,15077,15156
Cargo.toml
  s_6b29191ad3f2e1::t_e46fd14bd54028 79
---
{
  "schema_version": "authorship/3.0.0",
  "git_ai_version": "1.7.4",
  "base_commit_sha": "452078f53a45931ef6fc13c05af16aa7822ecb05",
  "prompts": {},
  "sessions": {
    "s_6b29191ad3f2e1": {
      "agent_id": {
        "tool": "codex",
        "id": "01a0ead4-e04b-7b23-a64d-1cba33a8b086",
        "model": "unknown"
      },
      "human_author": "WenyXu <wenymedia@gmail.com>"
    }
  }
}