Cargo.lock
  h_623774b620da8e 222,945,1595,1661,2004,2063,2096,2145,2300,2321,2328,2352,2388,2401,2413,2438,2460,2525,2542,2577,2597,2608,2624,2636,2709,2720,2724,2735,2764,2774,2804,2829,2859,2867,2887,2902,2931,2943,2961,2971,2994,4478,4553,5306,5442,5512,5595,6898,8020,8032,8358,8391,8490,8591,8616,9454,9972,10034,10369,10754,10917,11257,11674,11736,11807,13437,13578,13932,13993,14275,14323,14516,14638,14921,14969,15051
---
{
  "schema_version": "authorship/3.0.0",
  "git_ai_version": "1.7.0",
  "base_commit_sha": "b8615f4edcb45105b6e2c3864e25d79a9d31c9a0",
  "prompts": {},
  "humans": {
    "h_623774b620da8e": {
      "author": "WenyXu <wenymedia@gmail.com>"
    }
  }
}